Matrix -> 0
Layer:  0
1	0	1	0	0	1	1	0	0	1	
0	1	0	1	0	0	0	1	0	1	
0	0	1	0	0	0	0	1	0	0	
0	1	1	0	1	1	0	1	0	1	
0	0	1	1	0	1	0	0	0	0	
0	1	0	1	1	0	0	0	0	0	
0	1	0	1	0	0	1	1	0	0	
1	0	0	0	1	1	1	0	0	0	
Layer:  1
0	1	1	0	1	1	1	0	1	0	
0	1	0	1	1	1	0	0	1	1	
0	0	1	0	1	0	1	0	0	0	
0	0	0	1	1	0	0	0	0	0	
0	1	0	0	1	1	1	1	0	1	
1	0	1	1	0	0	1	0	0	1	
0	1	1	0	1	1	1	0	0	0	
1	0	0	0	0	1	0	0	0	0	
Matrix -> 1
Layer:  0
1	0	1	1	0	1	1	1	0	1	
1	1	1	1	1	1	0	1	1	1	
0	0	1	1	0	1	0	1	1	0	
0	0	1	1	0	1	0	1	1	1	
0	1	0	1	1	0	1	1	1	0	
0	0	0	0	1	0	0	0	1	1	
0	0	1	0	0	1	0	1	1	0	
1	0	1	0	0	0	0	0	0	0	
Layer:  1
0	1	0	1	0	1	1	0	1	1	
1	0	0	1	0	0	0	0	0	1	
0	0	1	0	1	0	1	0	0	0	
0	1	0	0	1	0	0	0	0	1	
0	0	0	0	0	0	0	0	0	0	
0	0	1	0	0	1	1	0	1	0	
0	0	0	0	0	0	0	0	0	0	
0	0	0	1	0	0	0	0	0	0	
